5 14829052 80770598 235317278 235317309 305455400
13 57179955 61952241 67827425 80578199 89092415 115099041 193781985 198461087 199349091 247501245 270978539 285512321 299634223
2 8939964 147539556
30 59306627 72665632 75000829 78148504 95983795 98344261 124978623 126447473 130309793 134101625 135851906 140485719 141069950 150991105 159936161 191290701 205873075 212371373 213963908 223555257 225871142 227560729 237979456 248611782 269195061 273158154 276362769 276580985 291796516 299513036
79 10592 8984796 8984799 8984802 8984805 8984808 18082330 18082333 25273173 53344671 53344674 53421090 54135428 54135431 54135434 54135437 54135440 58573476 58573479 61151906 62526338 62526341 62526344 62526347 62526350 64126717 64126720 90193660 92638545 92638548 92638551 92638554 92638557 105660264 105660267 106676380 116772519 117737594 137696797 137696800 155383464 169002724 169002727 173390639 188228633 188228636 189404210 198432216 198432219 198432222 198432225 198432228 205926744 211397921 218713735 245019104 245019107 248194367 260349477 262495604 270631834 270631837 270631840 270631843 270631846 281577432 281577435 284695806 284695809 284695812 284695815 284695818 285278854 289378866 289378869 289378872 289378875 289378878 302159586


Running info:
0th pattern has been matched. Time: 145.84s.
Match points are: [14829062, 80770608, 235317288, 235317319, 305455410]
1th pattern has been matched. Time: 138.14s.
Match points are: [57179955, 61952241, 67827425, 80578199, 89092415, 115099041, 193781985, 198461087, 199349091, 247501245, 270978539, 285512321, 299634223]
2th pattern has been matched. Time: 73.56s.
Match points are: [8939964, 147539556]
3th pattern has been matched. Time: 394.02s.
Match points are: [59306631, 72665636, 75000833, 78148508, 95983799, 98344265, 124978627, 126447477, 130309797, 134101629, 135851910, 140485723, 141069954, 150991109, 159936165, 191290705, 205873079, 212371377, 213963912, 223555261, 225871146, 227560733, 237979460, 248611786, 269195065, 273158158, 276362773, 276580989, 291796520, 299513040]
4th pattern has been matched. Time: 229.07s.
Match points are: [10598, 8984802, 8984805, 8984808, 8984811, 8984814, 18082336, 18082339, 25273179, 53344677, 53344680, 53421096, 54135434, 54135437, 54135440, 54135443, 54135446, 58573482, 58573485, 61151912, 62526344, 62526347, 62526350, 62526353, 62526356, 64126723, 64126726, 90193666, 92638551, 92638554, 92638557, 92638560, 92638563, 105660270, 105660273, 106676386, 116772525, 117737600, 137696803, 137696806, 155383470, 169002730, 169002733, 173390645, 188228639, 188228642, 189404216, 198432222, 198432225, 198432228, 198432231, 198432234, 205926750, 211397927, 218713741, 245019110, 245019113, 248194373, 260349483, 262495610, 270631840, 270631843, 270631846, 270631849, 270631852, 281577438, 281577441, 284695812, 284695815, 284695818, 284695821, 284695824, 285278860, 289378872, 289378875, 289378878, 289378881, 289378884, 302159592]